Dataset	X Avg Error (m)	Y Avg Error (m)	Z Avg Error (m)	Transformation Matrix
Proposed	0.6306	0.8896	0.0130
-0.18303306664851823	-0.9831062423919324	-0.0010063216453461029	5.001208430258414
0.983082255268107	-0.18302118212010063	-0.007247501109623937	4.883705266170061
0.006940885405489466	-0.00231582930626497	0.9999732301638941	0.8104223706402399
0.0	0.0	0.0	1.0

ICP	0.6256	0.8867	0.0325
-0.1835236292441504	-0.9829879738520927	0.0073294454914808295	4.988773719567892
0.9830024173086434	-0.18355429334958082	-0.0037508610077048674	4.865782661336373
0.005032402449997659	0.006516491010733228	0.9999661045607935	0.7303186374126158
0.0	0.0	0.0	1.0

ICP-o3d	0.6342	0.8937	0.0168
-0.18410705798624682	-0.9829050408745043	-0.0015072568255185682	4.996978761924663
0.9828824242954841	-0.18409172363035406	-0.007237216442656961	4.889595363651524
0.006836023016424047	-0.002813878869968874	0.999972675064186	0.8132371233797537
0.0	0.0	0.0	1.0


--- RMSE Errors ---
Proposed	Average RMSE: 1.1867
ICP	Average RMSE: 1.1806
ICP-o3d	Average RMSE: 1.1927

Dataset	Total Points	Matched Points with GT	Overall RMSE
Proposed	412	412	1.1867
ICP	412	412	1.1806
ICP-o3d	412	412	1.1927
